 1.00   0.47   0.47   0.06   0.00   0.03  -0.09  -0.06  -0.02  -0.02  -0.07  -0.02
 0.47   1.00   0.83  -0.02   0.02   0.00  -0.19  -0.12  -0.05  -0.21  -0.14  -0.15
 0.47   0.83   1.00   0.02  -0.02  -0.03  -0.23  -0.16  -0.15  -0.22  -0.15  -0.16
 0.06  -0.02   0.02   1.00   0.60   0.65  -0.47  -0.38  -0.41  -0.41  -0.42  -0.49
 0.00   0.02  -0.02   0.60   1.00   0.72  -0.38  -0.34  -0.39  -0.31  -0.28  -0.43
 0.03   0.00  -0.03   0.65   0.72   1.00  -0.41  -0.30  -0.33  -0.28  -0.27  -0.42
-0.09  -0.19  -0.23  -0.47  -0.38  -0.41   1.00   0.81   0.73   0.49   0.41   0.48
-0.06  -0.12  -0.16  -0.38  -0.34  -0.30   0.81   1.00   0.77   0.43   0.39   0.46
-0.02  -0.05  -0.15  -0.41  -0.39  -0.33   0.73   0.77   1.00   0.47   0.47   0.55
-0.02  -0.21  -0.22  -0.41  -0.31  -0.28   0.49   0.43   0.47   1.00   0.52   0.60
-0.07  -0.14  -0.15  -0.42  -0.28  -0.27   0.41   0.39   0.47   0.52   1.00   0.73
-0.02  -0.15  -0.16  -0.49  -0.43  -0.42   0.48   0.46   0.55   0.60   0.73   1.00
