S03  0.706 0.178 0.456 0.088 0.003 0.152 0.024 0.000 0.517 0.083 0.000 0.047 0.005
S04  0.178 0.850 0.866 0.107 0.242 0.012 0.038 0.136 0.141 0.299 0.049 0.296 0.146
S07  0.456 0.866 4.867 0.041 0.192 0.479 0.553 1.159 0.458 1.052 0.319 1.018 0.645
S16  0.088 0.107 0.041 0.464 0.020 0.179 0.012 0.000 0.129 0.177 0.077 0.062 0.000
S18  0.003 0.242 0.192 0.020 0.610 0.072 0.015 0.035 0.127 0.336 0.007 0.194 0.004
S21  0.152 0.012 0.479 0.179 0.072 0.960 0.000 0.162 0.492 0.035 0.177 0.072 0.000
S24  0.024 0.038 0.553 0.012 0.015 0.000 0.556 0.063 0.000 0.149 0.008 0.000 0.036
S26  0.000 0.136 1.159 0.000 0.035 0.162 0.063 1.236 0.133 0.048 0.037 0.259 0.221
S29  0.517 0.141 0.458 0.129 0.127 0.492 0.000 0.133 1.273 0.131 0.071 0.256 0.025
S36  0.083 0.299 1.052 0.177 0.336 0.035 0.149 0.048 0.131 1.694 0.078 0.275 0.174
S10  0.000 0.049 0.319 0.077 0.007 0.177 0.008 0.037 0.071 0.078 0.389 0.348 0.043
S43  0.047 0.296 1.018 0.062 0.194 0.072 0.000 0.259 0.256 0.275 0.348 1.191 0.285
S45  0.005 0.146 0.645 0.000 0.004 0.000 0.036 0.221 0.025 0.174 0.043 0.285 0.556
