Athens     0  1119  1777  1486  1475  1303   646  1013
Berlin  1119     0   817   577  1159   545   736   327
Dublin  1777   817     0   291   906   489  1182  1135
London  1486   577   291     0   783   213   897   904
Madrid  1475  1159   906   783     0   652   856  1483
Paris   1303   545   489   213   652     0   694   859
Rome     646   736  1182   897   856   694     0   839
Warsaw  1013   327  1135   904  1483   859   839     0
