Australia       1.00  0.38  0.38  0.39  0.34  0.53  0.32  0.24  0.28  0.41  0.57  0.39
Belgium         0.38  1.00  0.69  0.44  0.36  0.67  0.44  0.33  0.41  0.58  0.50  0.49
France          0.38  0.69  1.00  0.52  0.31  0.54  0.35  0.23  0.28  0.44  0.45  0.48
Italy           0.39  0.44  0.52  1.00  0.37  0.40  0.21  0.43  0.43  0.32  0.33  0.37
Japan           0.34  0.36  0.31  0.37  1.00  0.50  0.07  0.43  0.38  0.42  0.48  0.37
Netherlands     0.53  0.67  0.54  0.40  0.50  1.00  0.34  0.31  0.45  0.67  0.69  0.63
Norway          0.32  0.44  0.35  0.21  0.07  0.34  1.00  0.08  0.09  0.18  0.30  0.01
Spain           0.24  0.33  0.23  0.43  0.43  0.31  0.08  1.00  0.33  0.19  0.28  0.27
Sweden          0.28  0.41  0.28  0.43  0.38  0.45  0.09  0.33  1.00  0.34  0.42  0.39
United Kingdom  0.41  0.58  0.44  0.32  0.42  0.67  0.18  0.19  0.34  1.00  0.60  0.45
United States   0.57  0.50  0.45  0.33  0.48  0.69  0.30  0.28  0.42  0.60  1.00  0.51
West Germany    0.39  0.49  0.48  0.37  0.37  0.63  0.01  0.27  0.39  0.45  0.51  1.00
