  1   0 227 244 363 286 207  31 164 188 273  45 249 356 264  89  53  50 255  60 141  49 260 220 227  74 241 324 305  41 269
  2 227   0 126 289 264 137 213 123  47 226 244  80 292 283 181 236 248 202 163  72 213 104 112  87 300 199 267 278 257 201
  3 244 126   0 176 154  48 243  87 107 121 255  59 179 180 258 292 247  93 197 115 213  45  20  51 320  91 157 172 265  80
  4 363 289 176   0  86 182 375 215 283  93 358 219  17 118 398 413 340  97 327 281 316 201 202 222 422 118  43  50 367  99
  5 286 264 154  86   0 140 309 175 240  32 287 197  70  42 343 345 252  61 262 234 245 192 155 180 328  57  34  38 289  85
  6 207 137  48 182 140   0 211  49 106  95 223  75 173 163 223 251 199  81 175  94 171  87  39  56 276  67 141 149 234  66
  7  31 213 243 375 309 211   0 160 166 266  68 246 371 282  61  54  82 275  59 143  79 263 218 208  93 258 326 337  72 274
  8 164 123  87 215 175  49 160   0  88 132 177 113 230 157 172 202 147 122 118  67 123 113  64  69 227 100 177 184 177 131
  9 188  47 107 283 240 106 166  88   0 222 220  81 291 242 163 202 204 178 131  21 161 105  84  82 265 164 244 271 222 174
 10 273 226 121  93  32  95 266 132 222   0 266 177  93  66 312 310 244  38 239 207 219 166 139 148 316  34  49  56 276  58
 11  45 244 255 358 287 223  68 177 220 266   0 283 359 253 123  73  30 262  83 181  45 277 247 245  57 249 315 304  12 279
 12 249  80  59 219 197  75 246 113  81 177 283   0 230 233 250 286 259 139 204  99 222  25  39  46 324 135 186 215 282 130
 13 356 292 179  17  70 173 371 230 291  93 359 230   0 117 399 401 329 101 321 292 307 218 197 211 406 116  42  36 356 105
 14 264 283 180 118  42 163 282 157 242  66 253 233 117   0 320 328 236 106 247 242 200 224 186 201 295  96  99  74 257 110
 15  89 181 258 398 343 223  61 172 163 312 123 250 399 320   0  52 148 289  85 135 129 276 223 222 142 294 354 354 113 291
 16  53 236 292 413 345 251  54 202 202 310  73 286 401 328  52   0  94 318  94 180 105 303 262 260  99 284 374 363  77 305
 17  50 248 247 340 252 199  82 147 204 244  30 259 329 236 148  94   0 235  91 191  38 281 238 239  66 231 289 295  25 272
 18 255 202  93  97  61  81 275 122 178  38 262 139 101 106 289 318 235   0 222 168 210 136 105 118 325  13  75  74 272  22
 19  60 163 197 327 262 175  59 118 131 239  83 204 321 247  85  94  91 222   0  95  63 204 170 170 124 211 286 281  99 231
 20 141  72 115 281 234  94 143  67  21 207 181  99 292 242 135 180 191 168  95   0 136 118  98  83 220 162 239 242 190 171
 21  49 213 213 316 245 171  79 123 161 219  45 222 307 200 129 105  38 210  63 136   0 231 189 187  99 197 272 260  46 227
 22 260 104  45 201 192  87 263 113 105 166 277  25 218 224 276 303 281 136 204 118 231   0  56  42 351 125 190 194 284 114
 23 220 112  20 202 155  39 218  64  84 139 247  39 197 186 223 262 238 105 170  98 189  56   0  23 287 107 170 183 246  97
 24 227  87  51 222 180  56 208  69  82 148 245  46 211 201 222 260 239 118 170  83 187  42  23   0 290 122 194 194 236  98
 25  74 300 320 422 328 276  93 227 265 316  57 324 406 295 142  99  66 325 124 220  99 351 287 290   0 311 372 360  47 333
 26 241 199  91 118  57  67 258 100 164  34 249 135 116  96 294 284 231  13 211 162 197 125 107 122 311   0  82  84 267  33
 27 324 267 157  43  34 141 326 177 244  49 315 186  42  99 354 374 289  75 286 239 272 190 170 194 372  82   0  22 320  78
 28 305 278 172  50  38 149 337 184 271  56 304 215  36  74 354 363 295  74 281 242 260 194 183 194 360  84  22   0 317  76
 29  41 257 265 367 289 234  72 177 222 276  12 282 356 257 113  77  25 272  99 190  46 284 246 236  47 267 320 317   0 289
 30 269 201  80  99  85  66 274 131 174  58 279 130 105 110 291 305 272  22 231 171 227 114  97  98 333  33  78  76 289   0
